[70, 77, 81, 83, 88, 92, 97, 101, 105, 106, 114, 125, 127, 130, 133, 138, 149, 153, 156, 159, 160, 161, 166, 168, 173, 180, 181, 182, 186, 188, 190, 195, 200, 202, 203, 205, 209, 212, 213, 215, 218, 221, 222, 223, 226, 227, 228, 230, 231, 235, 239, 240, 243, 245, 247, 249, 254, 255, 256, 259, 262, 263, 264, 269, 270, 276, 279, 280, 283, 286, 289, 291, 292, 294, 297, 298, 301, 303, 305, 306, 307, 310, 312, 316, 320, 321, 324, 325, 329, 330, 332, 337, 344, 345, 346, 347, 349, 352, 353, 355, 357, 358, 359, 363, 365, 369, 371, 376, 378, 379, 381, 383, 385, 386, 387, 389, 390, 391, 397, 398, 400, 402, 405, 409, 413, 414, 415, 416, 417, 418, 420, 424, 425, 426, 428, 430, 432, 434, 435, 436, 438, 439, 443, 444, 445, 447, 448, 449, 450, 451, 452, 453, 454, 455, 457, 458, 459, 462, 469, 470, 471, 473, 475, 477, 479, 480, 481, 482, 487, 489, 490, 491, 492, 494, 495, 497, 498, 500, 502, 503, 504, 509, 510, 511, 513, 514, 515, 516, 517, 518, 520, 522, 525, 526, 528, 530, 532, 533, 536, 537, 539, 541, 545, 546, 548, 550, 551, 552, 562, 563, 565, 568, 569, 570, 573, 574, 576, 578, 581, 584, 586, 587, 592, 594, 595, 596, 597, 599, 600, 603, 604, 605, 608, 611, 612, 613, 614, 616, 618, 619, 631, 632, 633, 634, 635, 636, 637, 639, 640, 641, 642, 647, 648, 650, 651, 653, 655, 656, 659, 661, 664, 666, 667, 674, 675, 676, 677, 680, 688, 689, 690, 691, 695, 697, 704, 707, 709, 714, 718, 720, 721, 730, 731, 734, 735, 740, 741, 744, 746, 749, 751, 754, 755, 759, 760, 761, 762, 763, 765, 771, 774, 777, 778, 780, 781, 788, 789, 791, 792, 795, 797, 801, 802, 803, 805, 808, 810, 811, 813, 814, 815, 816, 825, 826, 827, 835, 837, 838, 839, 842, 844, 848, 849, 850, 853, 854, 855, 856, 857, 860, 863, 864, 865, 866, 867, 868, 870, 871, 873, 875, 876, 879, 880, 881, 882, 883, 884, 886, 890, 895, 897, 898, 901, 904, 905, 914, 915, 919, 920, 921, 922]
[672, 764, 776, 806, 859, 908]
[463, 474, 478, 486, 508, 527, 534, 538, 553, 556, 559, 561, 571, 579, 582, 583, 588, 593, 601, 617, 620, 621, 624, 625, 628, 630, 638, 643, 652, 662, 663, 668, 681, 683, 685, 693, 694, 699, 700, 703, 706, 719, 722, 723, 724, 725, 726, 728, 732, 733, 736, 738, 743, 745, 747, 748, 753, 758, 768, 770, 782, 783, 784, 786, 793, 800, 818, 819, 820, 821, 824, 828, 831, 832, 841, 843, 846, 861, 869, 874, 878, 889, 891, 896, 903, 907, 910, 912]
[804, 817, 836]
[0, 1, 2, 3, 4, 5, 6, 7, 8, 9, 10, 11, 12, 13, 14, 15, 16, 17, 18, 19, 20, 21, 22, 23, 24, 25, 26, 27, 28, 29, 30, 31, 32, 33, 34, 35, 36, 37, 38, 39, 40, 41, 42, 43, 44, 45, 46, 47, 48, 49, 50, 51, 52, 53, 54, 55, 56, 57, 58, 59, 60, 61, 62, 63, 64, 65, 66, 67, 68, 69, 71, 72, 73, 74, 75, 76, 78, 79, 80, 82, 84, 85, 86, 87, 89, 90, 91, 93, 94, 95, 96, 98, 99, 100, 102, 103, 104, 107, 108, 109, 110, 111, 112, 113, 115, 116, 117, 118, 119, 120, 121, 122, 123, 124, 126, 128, 129, 131, 132, 134, 135, 136, 137, 139, 140, 141, 142, 143, 144, 145, 146, 147, 148, 150, 151, 152, 154, 155, 157, 158, 162, 163, 164, 165, 167, 169, 170, 171, 174, 175, 177, 179, 183, 184, 185, 187, 189, 191, 192, 193, 194, 196, 197, 198, 199, 204, 206, 207, 208, 210, 211, 214, 216, 219, 220, 224, 225, 229, 232, 233, 234, 236, 237, 238, 241, 242, 246, 248, 250, 251, 252, 253, 257, 260, 261, 265, 266, 267, 268, 271, 272, 273, 274, 275, 277, 278, 281, 282, 284, 285, 287, 288, 290, 293, 295, 296, 299, 300, 302, 304, 308, 309, 311, 313, 314, 315, 317, 318, 319, 322, 323, 327, 328, 331, 333, 334, 335, 336, 338, 339, 340, 341, 342, 343, 348, 350, 351, 354, 356, 360, 361, 362, 364, 366, 367, 368, 370, 372, 373, 374, 375, 377, 380, 382, 384, 388, 392, 393, 394, 395, 396, 399, 401, 403, 404, 406, 407, 408, 410, 411, 412, 419, 421, 422, 427, 429, 433, 437, 440, 441, 442, 460, 461, 464, 465, 466, 467, 468, 472, 476, 483, 484, 485, 493, 496, 501, 505, 507, 512, 519, 521, 523, 524, 529, 531, 535, 540, 542, 544, 547, 549, 554, 555, 557, 558, 560, 564, 567, 572, 575, 577, 580, 589, 590, 591, 598, 602, 606, 609, 610, 615, 622, 627, 644, 646, 649, 654, 657, 660, 665, 669, 670, 671, 673, 678, 679, 686, 687, 692, 696, 698, 701, 705, 708, 710, 711, 713, 715, 716, 717, 727, 737, 739, 742, 750, 752, 756, 757, 766, 767, 769, 772, 773, 775, 779, 787, 790, 794, 796, 798, 799, 807, 809, 812, 823, 833, 834, 840, 845, 851, 852, 858, 862, 872, 877, 885, 887, 892, 893, 894, 899, 906, 909, 911, 916, 917, 924]
[172, 176, 178, 201, 217, 244, 258, 326, 423, 431, 446, 456, 488, 499, 506, 543, 566, 607, 623, 629, 702, 729, 913, 923]
[888]
[902]
[785, 900]
[830]
[585, 626, 645, 658, 682, 684, 712, 822, 829, 847, 918]

371
11
6
88
3
417
24
1
1
2
1