[0.2934782610135378, 0.4359903381642512, 0.5434782608695652, 0.6195652176792495, 0.6745169085005055]
[0.29528985521643636, 0.4384057971014493, 0.5434782608695652, 0.6141304347826086, 0.6769323674377036]
[0.29528985521643636, 0.4384057971014493, 0.5471014492753623, 0.6159420289855072, 0.6781400969063026]
[0.2850241544453994, 0.43478260869565216, 0.5368357490802157, 0.6171497584541062, 0.6799516911092012]
[0.2513966490436533, 0.3575418981093934, 0.4748603355285176, 0.564245812053787, 0.6424580978947645]
[0.2625698327352215, 0.37988826848941143, 0.5083798879351695, 0.586592180102897, 0.6480446940693776]
[0.279329609937508, 0.40782122938326615, 0.5083798879351695, 0.597765364460439, 0.6648044706056904]
[0.29608938414291297, 0.3854748606681824, 0.5139664824448484, 0.6089385488179809, 0.6592178784269195]
[0.25163983304406745, 0.4132379250790864, 0.5223613597839164, 0.6004770424796771, 0.6768038164453273]
[0.25998807395044793, 0.4180083484541609, 0.5175909364088419, 0.6028622541672144, 0.6666666667732939]
[0.25998807395044793, 0.4168157426103923, 0.5187835422526106, 0.6028622541672144, 0.6768038164453273]
[0.2719141323881343, 0.41443053092285503, 0.5163983305650732, 0.6040548600109831, 0.6702444842690575]