[0.34671052631578947, 0.49605263157894736, 0.5914473684210526, 0.6677631578947368, 0.7276315789473684]
[0.33881578947368424, 0.4934210526315789, 0.5888157894736842, 0.6782894736842106, 0.7223684210526315]
[0.3460526315789474, 0.4980263157894737, 0.594078947368421, 0.6743421052631579, 0.7256578947368421]
[0.34078947368421053, 0.49407894736842106, 0.5947368421052631, 0.6664473684210527, 0.73026315156115]
[0.28571428409239064, 0.38775510345997455, 0.5238095252286821, 0.632653062643648, 0.687074831351131]
[0.25170068148853014, 0.3741496582420505, 0.4693877555075146, 0.5442176884939881, 0.6258503415552127]
[0.3061224483713812, 0.42857142897690237, 0.5306122463171173, 0.6326530636573324, 0.6666666690995093]
[0.28571428409239064, 0.45578231333064384, 0.5442176895076726, 0.5918367371267202, 0.6530612240843221]
[0.32110091750931147, 0.48885976401100306, 0.5845347313237221, 0.672346002230638, 0.7267365657955135]
[0.32437745750262886, 0.4941022281643604, 0.5956749673908379, 0.6625163825436313, 0.7201834865510073]
[0.3256880734921439, 0.49803407613290557, 0.5937090434065653, 0.6644823062935475, 0.7254259505090676]
[0.3250327654778567, 0.4986893841276631, 0.5871559634589899, 0.6730013104597519, 0.7273918742589838]