[0.33309908645804803, 0.4834855941090882, 0.5881939567232836, 0.6739283205754139, 0.729444834981598]
[0.3302881237451911, 0.4940267043974897, 0.5931131414603115, 0.6697118764851853, 0.7217146873641668]
[0.3274771609904476, 0.4940267043974897, 0.5917076601248263, 0.6774420240607298, 0.7287420942929121]
[0.33309908645804803, 0.49121574164274623, 0.5860857345734527, 0.6725228391980421, 0.7287420942929121]
[0.24999999903863476, 0.39516128743848494, 0.4919354896391592, 0.5725806490067513, 0.6370967780390093]
[0.29032257968379604, 0.33870967549662434, 0.45161290034171075, 0.516129038026256, 0.580645163213053]
[0.266129034180795, 0.38709677515491364, 0.5, 0.5564516109804953, 0.6129032296519126]
[0.266129030335334, 0.37096773905138813, 0.516129034180795, 0.5564516071350344, 0.6209677457809448]
[0.3468815696640456, 0.5143658026332361, 0.6250875965230683, 0.7007708478074184, 0.7498248071627093]
[0.3398738612891413, 0.5241765939195254, 0.6271899087744822, 0.700070077460716, 0.755430974155017]
[0.3398738612891413, 0.5248773647674582, 0.6292922213182803, 0.6986685357648506, 0.7540294324591515]
[0.34057463192822807, 0.5199719688319291, 0.6320953047100113, 0.7021723900045143, 0.7561317452953341]