[0.516209477201067, 0.6982543646843357, 0.7556109731631386, 0.800498753563127, 0.8503740651351852]
[0.5236907739591717, 0.688279302191556, 0.7506234419910688, 0.7955112220937771, 0.8503740649865452]
[0.5062344148569273, 0.7007481302703705, 0.7605985043352085, 0.8154613467820565, 0.8653366585027548]
[0.5062344148569273, 0.6832917713167661, 0.7705735666793481, 0.8154613469306965, 0.8403990027910456]
[0.5162094763463869, 0.7007481297501305, 0.7680798013905932, 0.7955112228369773, 0.8528678310185002]
[0.5821727024479497, 0.763231198103647, 0.8440111423933406, 0.857938718995012, 0.9052924794406944]
[0.5821727024479497, 0.7660167134239813, 0.8300835656256397, 0.8690807801103193, 0.8997214484679665]
[0.5793871871276154, 0.7688022287443156, 0.8300835657916693, 0.8635097496356805, 0.9080779944289693]
[0.5459610028685301, 0.724233983784997, 0.7910863514730193, 0.8607242343153462, 0.880222841557686]
[0.5933147635632571, 0.7409470753749433, 0.8161559888579387, 0.8495821727019499, 0.8913649025069638]
[0.5374592845525338, 0.6742671003947429, 0.7459283405095825, 0.7817589594020906, 0.8143322479453071]
[0.5374592831934702, 0.6775244284142112, 0.7361563535388984, 0.7850162883923186, 0.8306188942555107]
[0.5472312715232178, 0.690553745345883, 0.7557003274802665, 0.8013029333434586, 0.8338762218866752]
[0.5374592831934702, 0.684039087365427, 0.7524429984900385, 0.788273616023483, 0.8175895769355351]
[0.4983713366697976, 0.700325732316567, 0.7589576551114309, 0.788273616023483, 0.8143322465862436]
[0.5813953460649003, 0.744186049283937, 0.8023255841676579, 0.8604651190513788, 0.8604651190513788]
[0.6744186018788537, 0.7441860437393188, 0.7674418660097344, 0.8023255758507307, 0.8488372120746347]
[0.7093023228090863, 0.755813950716063, 0.8139534939167111, 0.8720930218696594, 0.8837209330048672]
[0.6162790711535964, 0.7093023311260135, 0.8023255800091943, 0.8604651190513788, 0.8837209371633308]
[0.6860465157863705, 0.7906976758047591, 0.8255813898042191, 0.8837209330048672, 0.8604651107344516]