[0.5512820512820513, 0.717948717948718, 0.7974358974358975, 0.8384615384615385, 0.882051282051282]
[0.528205128510793, 0.717948717948718, 0.7948717948717948, 0.8487179487179487, 0.8769230769230769]
[0.5641025644082289, 0.7153846153846154, 0.7871794871794872, 0.8487179487179487, 0.8897435897435897]
[0.5666666669723315, 0.7282051282051282, 0.7974358971302326, 0.841025641025641, 0.8897435897435897]
[0.5410256413313058, 0.7205128208184853, 0.7897435897435897, 0.8384615381558737, 0.8615384615384616]
[0.5459770121793638, 0.709770113572307, 0.8017241386161453, 0.8706896531170812, 0.8936781622897619]
[0.5488505733424219, 0.7011494273426889, 0.7988505740275328, 0.8419540209331732, 0.8649425301058539]
[0.5603448282713177, 0.7298850561010426, 0.8132183914897085, 0.8591954036690723, 0.896551724137931]
[0.5718390784044375, 0.718390805282812, 0.7787356342392406, 0.8448275868920074, 0.8649425280505213]
[0.5344827593058005, 0.7212643678160919, 0.810344826901096, 0.8620689648321305, 0.887931032427426]
[0.4983164987178764, 0.6801346805360582, 0.7474747478761256, 0.8047138051151828, 0.8282828286842063]
[0.5016835020848798, 0.6969696973710751, 0.7474747476754365, 0.7946127948134837, 0.835016835016835]
[0.5117845121858898, 0.7003367007380784, 0.7676767680781458, 0.797979798381176, 0.8316498318505207]
[0.4949494955515621, 0.6801346805360582, 0.7407407411421189, 0.7878787880794769, 0.8013468017481794]
[0.5555555563583117, 0.6969696977724531, 0.7609427615448281, 0.8013468019488684, 0.8181818187838853]
[0.5185185229336774, 0.6296296333089287, 0.6913580276347973, 0.7530864219606659, 0.802469136538329]
[0.49382716086175704, 0.6296296333089287, 0.7037037059112832, 0.8024691380100486, 0.7777777792494974]
[0.48148148184941136, 0.6049382752842374, 0.6666666703459657, 0.7407407429483202, 0.8271604945630203]
[0.5432098809583688, 0.6666666696101059, 0.6790123493583115, 0.7283950646718343, 0.8148148162865344]
[0.5185185229336774, 0.6666666703459657, 0.6790123478865918, 0.7530864219606659, 0.8024691372741888]