[0.5518072276230318, 0.7228915668395628, 0.7807228898427573, 0.8144578296017934, 0.8457831329609974]
[0.5469879528126085, 0.7277108439479966, 0.775903615032334, 0.8192771090082376, 0.8698795163487814]
[0.5566265068858502, 0.7301204825022134, 0.7831325283969741, 0.8313252994813115, 0.8650602413947324]
[0.5638554226921265, 0.7156626488789019, 0.7759036127343235, 0.8265060245272625, 0.8506024100694312]
[0.5469879525253571, 0.7180722874331187, 0.7951807231788176, 0.8385542171547212, 0.8602409618446626]
[0.5983827499687833, 0.7439353114189806, 0.8086253380518397, 0.8598382749326146, 0.8840970350404312]
[0.5795148254404814, 0.7277628046804361, 0.797843664964897, 0.8382749318112581, 0.876010781671159]
[0.6064690022134396, 0.7412398936292232, 0.8059299183341692, 0.8544474393530997, 0.8867924528301887]
[0.5876010768818405, 0.7277628035558202, 0.8086253380518397, 0.8679245294265028, 0.8921832895343195]
[0.5498652289498527, 0.708894877420924, 0.7951482474964584, 0.8409703510469504, 0.8948787065207797]
[0.5125786169145092, 0.691823901620301, 0.7641509422716105, 0.8050314480403684, 0.8176100643925697]
[0.5220125789912242, 0.6981132067974258, 0.7358490554791577, 0.7798742127118621, 0.811320756216469]
[0.5220125789912242, 0.720125788037882, 0.7578616340955099, 0.8018867939523181, 0.8270440266567206]
[0.4496855355283749, 0.6572327044025157, 0.7327044025157232, 0.7767295619976595, 0.7987421406140117]
[0.5188679249031739, 0.7169811343247036, 0.7767295612479156, 0.8270440236577448, 0.8427672940979963]
[0.5217391304347826, 0.6521739104519719, 0.6847826061041459, 0.7391304270080898, 0.8152173990788667]
[0.5000000012957532, 0.5869565243306367, 0.6739130460697672, 0.7173913017563198, 0.7608695704004039]
[0.5108695665131444, 0.6630434756693633, 0.706521741721941, 0.7391304270080898, 0.8369565295136493]
[0.554347822199697, 0.6630434808523759, 0.7173913017563198, 0.7500000051830126, 0.8043478260869565]
[0.6195652199828107, 0.7282608773397363, 0.7717391330262889, 0.7826087034266928, 0.8152173887128416]