0.5494212801287064 0.6948057212136517 0.749818819647433 0.7857101988665104 0.8242358337506401
0.5272023346370431 0.6837115381641743 0.7438867313339563 0.7885515884955668 0.8411731722833187
0.5461269312352768 0.7027061725827041 0.7595704440675883 0.8046144948957166 0.8406769078682161
0.5371288396350168 0.6851358449391238 0.745877345386539 0.7887043888219194 0.8295201561592034
0.5489944136509146 0.7136324099596705 0.7633614556371486 0.8066974899487047 0.8539633125988227
0.5388724643255097 0.6909254094224033 0.7586561637645515 0.8052900302836093 0.8364689165761797
0.5588215815902986 0.7180522941296206 0.7846994162373702 0.8222943238215272 0.85327608779407
0.5234996936266358 0.6872003153955012 0.750802346485831 0.7863105597783491 0.8338186191498823
0.5166848441181204 0.6966083636666193 0.7464274316018292 0.7839312385179386 0.8256288507897538
0.5543092025666128 0.7199846781166657 0.7869690100584299 0.8251653877529022 0.8576159778931414
0.5794353403698613 0.7190016219422668 0.7710763067913353 0.8129834666117864 0.8573879049461643
0.5855387990792117 0.728979513769158 0.7900839728809639 0.8380917629077138 0.8727529519558166
0.551483443018131 0.7002167933983009 0.7791071241629 0.8312310790802262 0.8554830896118994
0.5734855230914531 0.7331796533116 0.7921937087910456 0.8292719861418194 0.8547575227115398
0.5356229180845853 0.6861170291816793 0.7476723485784175 0.7810043042498982 0.8224974485090867
0.5254852166184469 0.6615561758702816 0.7344097115536852 0.7806099987143115 0.8174155724261033
0.5285235212782422 0.6843707863415031 0.7594982028907414 0.816737854663617 0.8516203523908948
0.518141591199963 0.6864243689928528 0.7612252056215119 0.8219384756186635 0.8386650553238157
0.529428346678712 0.6876361618769934 0.7586853292733268 0.8116584734291292 0.8612764100737654
0.5441662804716749 0.698349320908526 0.7489811554674759 0.80053177016724 0.8427119339572062
0.5373956199822738 0.7013533891882491 0.7600108815190264 0.8137409317243847 0.8425301125059904
0.514817033237945 0.6771908703644011 0.7443058743920721 0.7914242465556014 0.8146768785938117
0.5097163191765274 0.6633439272814151 0.7156477841400919 0.7536471700172365 0.7975425159448053
0.5554368042125557 0.7138662123567218 0.775455745333667 0.7987711909883861 0.8581277014873167
0.5404706879219119 0.6951817273209384 0.7626437892043241 0.8036043986130448 0.8382692039607964
0.549565055612508 0.7115857236168999 0.7860951131342799 0.8242695547768627 0.8620003515330578
0.5377022465952159 0.7180135633389173 0.7881423554755547 0.8286776235167718 0.8480035549954771
0.5073448688224209 0.6692035625224397 0.7599658225228699 0.8141651995002128 0.8487102858899147