0.5308920012464726 0.687277182377184 0.7525328628797564 0.7918412171265258 0.834494084326592
0.5234054890234605 0.6831127036001559 0.7441591974632495 0.7893122367175822 0.8394723041449549
0.5537069845576396 0.7160859444792458 0.7781204924721901 0.8206983973189356 0.848022002957608
0.547096506754423 0.7097207968803547 0.7647330572920019 0.8073698525215657 0.8483280263872705
0.5596529508141597 0.7261079978276513 0.7779999243996584 0.8240625135186784 0.859670969027219
0.5400853398829729 0.700054754167344 0.7703777857392128 0.8206464078463952 0.8464074512544755
0.545581711215383 0.7156474987717875 0.7885595613686779 0.8322192231119312 0.8631532848503013
0.5264638064588395 0.6921220831971152 0.7623988373410366 0.7953468077799921 0.8413068255616494
0.5282238464581068 0.6973140559475898 0.7563203076044458 0.7944856481607339 0.8361127946345722
0.5472534451944792 0.7155187260729328 0.7840427712671589 0.8178507725206547 0.858639568678238
0.556745094943199 0.7137830365235902 0.7727811111723677 0.8161500007820246 0.8603793209715564
0.5549875930042801 0.7233209167068964 0.7849009437253325 0.8308594330876248 0.8716411131103975
0.5350794164524025 0.6981770092136591 0.7744897409097574 0.8256606099681093 0.8499445001907566
0.5480663038792821 0.7198248033563085 0.784892099790294 0.8169675996840385 0.8551666620610161
0.5500524593861424 0.7005945009885589 0.7686366968490507 0.807126324293231 0.8465648577215834
0.5393231141198797 0.6852802840685438 0.7578691725485729 0.8062361046463703 0.841179583954158
0.5331475474447762 0.6989293793030276 0.7777760983673782 0.833320924283302 0.865582568877589
0.5250781649332175 0.7007292875909886 0.7768790841251979 0.8288483789047663 0.8548452834225218
0.5430093527781638 0.7078879858658813 0.7813597243124575 0.8306408038594938 0.8718541046107501
0.5474743378488611 0.7078851610922854 0.7679293363551712 0.8198909950260035 0.8530449175016165
0.5412275435351057 0.710573682356349 0.7804627101238665 0.8297396659585131 0.853927498591364
0.5364255458101955 0.6878934630143555 0.7590183980971973 0.7987859839951312 0.830935453331705
0.5309135074743312 0.685809556207086 0.7402337321819934 0.7808484186815159 0.8260459429452415
0.5415172443192868 0.6983486024937035 0.767550161647235 0.7998375455662035 0.8514984784108335
0.5341409479156701 0.6854230388589654 0.7647805133125751 0.8016807417922648 0.8385785863639268
0.5442785362385261 0.7001868330893469 0.7832202426821977 0.8247389274048803 0.8561116463272532
0.5276792287604194 0.6992741841203216 0.7804586583337197 0.8182731881676771 0.8450369093276694
0.5175435109944938 0.6789629459035931 0.7730892225931847 0.8164364118071652 0.8496588369386904