[0.3375603863294574, 0.5030193236714976, 0.5978260869565217, 0.6817632847362094, 0.7282608695652174]
[0.3448067631410516, 0.496980676472475, 0.6026570045429728, 0.6666666663787215, 0.7270531403845635]
[0.3423913042038535, 0.4963768117381755, 0.6038647342995169, 0.6708937195188182, 0.7349033819304572]
[0.34480676328502413, 0.49456521753527694, 0.5905797101449275, 0.6733091787439613, 0.730072463768116]
[0.3375603863294574, 0.49154589386377934, 0.5996376808714752, 0.6805555555555556, 0.7294685993217616]
[0.2513966482111862, 0.39664804419325717, 0.5251396659699232, 0.6312849158681305, 0.692737427503703]
[0.23463687167487332, 0.37988826682447724, 0.5027932964223724, 0.5698324042325579, 0.6536312862481485]
[0.2513966482111862, 0.39664804419325717, 0.5251396659699232, 0.6312849158681305, 0.692737427503703]
[0.24022346385364426, 0.3743016754781734, 0.4804469285397556, 0.5530726276962451, 0.6592178760960116]
[0.28491620211627894, 0.37988826682447724, 0.5083798886011432, 0.6145251408302584, 0.692737429834611]
[0.3142516398863488, 0.49493142534169543, 0.597495527905798, 0.6791890281328646, 0.7262969589261833]
[0.3333333334221894, 0.5020870602799088, 0.5855694694681116, 0.6589147288243402, 0.7262969589617256]
[0.33452593926595803, 0.5020870602799088, 0.586165772389996, 0.6589147288243402, 0.7274895648054943]
[0.3225998808282717, 0.4943351222598702, 0.5939177103389497, 0.6666666668088364, 0.7233154443167616]
[0.32200357790638734, 0.48360166970149493, 0.5897435898857595, 0.6732259989495638, 0.7274895648054943]