[0.3401315789473684, 0.4921052631578947, 0.5973684210526315, 0.6651315789473684, 0.7361842105263158]
[0.34868421052631576, 0.4875, 0.6072368421052632, 0.6710526315789473, 0.7263157894736842]
[0.3480263157894737, 0.49144736842105263, 0.6052631578947368, 0.6710526315789473, 0.7355263157894737]
[0.3355263157894737, 0.4953947368421053, 0.5875, 0.6598684210526315, 0.7263157894736842]
[0.3375, 0.49276315789473685, 0.5921052631578947, 0.6657894736842105, 0.7217105263157895]
[0.3129251702707641, 0.4285714299905868, 0.5442176866693561, 0.6190476206695141, 0.6598639492274953]
[0.33333333272512267, 0.4353741500653377, 0.5306122465198543, 0.6258503437853183, 0.6870748307429203]
[0.33333333171143825, 0.45578231333064384, 0.5442176838310397, 0.6122449016084477, 0.7074829940082265]
[0.3129251684461321, 0.44897959426957734, 0.4897959208001896, 0.598639457404208, 0.6870748307429203]
[0.3061224473576967, 0.44217687318114196, 0.49659864188862496, 0.6326530620354374, 0.6802721096544849]
[0.3348623854187494, 0.48492791627681425, 0.598951506817794, 0.6743119262149105, 0.7313237224618854]
[0.3361730014277942, 0.5006553079556981, 0.5976408912188729, 0.6585845349656801, 0.730013106238014]
[0.3368283094225517, 0.5032765399347283, 0.6002621231979031, 0.6651376149132555, 0.7332896462118016]
[0.3309305374697339, 0.5058977719137584, 0.5982961988230364, 0.6651376149132555, 0.7280471824880977]
[0.33551769323773967, 0.49934469220053945, 0.601572739187418, 0.6769331581939407, 0.7313237222275291]