[0.3506676036751949, 0.5144061842856069, 0.6141953620790012, 0.6844694309475886, 0.7427969081085162]
[0.36050597335868373, 0.5101897402372648, 0.6170063248337446, 0.6844694309475886, 0.7449051301326872]
[0.361208714005483, 0.5151089249742927, 0.6275474351640328, 0.6886858750797038, 0.744202389485888]
[0.335207308754482, 0.4884047788042295, 0.6071679551502558, 0.6725228391142689, 0.7343640197186259]
[0.3527758257412525, 0.5130007029082351, 0.6303583979187762, 0.6886858750797038, 0.7484188336180032]
[0.2338709682226181, 0.40322580549024767, 0.5483870967741935, 0.5564516090577648, 0.6451612922453112]
[0.20967741983552132, 0.3790322571031509, 0.46774193259977526, 0.532258064516129, 0.612903227729182]
[0.25, 0.4435483851740437, 0.532258064516129, 0.5806451574448617, 0.6451612922453112]
[0.23387096870330074, 0.4596774174321082, 0.5080645132449365, 0.6048387116001498, 0.6290322599872467]
[0.2500000004806826, 0.40322580837434335, 0.5161290293739688, 0.612903227729182, 0.6532258083743434]
[0.34057463211618944, 0.49964961472222585, 0.601962158040058, 0.6776454101180228, 0.7344078485081893]
[0.34688156985200697, 0.506657322992707, 0.6019621584159808, 0.6748423268098304, 0.7372109321923045]
[0.3482831115478724, 0.5101611772323708, 0.6089698668953081, 0.6804484935932922, 0.7365101610519874]
[0.33496846514476625, 0.5115627189491208, 0.5977575335372305, 0.6748423262250616, 0.738612474097016]
[0.3475823405955167, 0.5080588647929956, 0.6131744921917505, 0.6804484930085234, 0.7372109318999202]