0.2655049143670862 0.40225672045091027 0.5135666520606664 0.5947626907375713 0.6645929409468657
0.2726159206340353 0.41210080468167387 0.5231496950711922 0.6011949563509067 0.6638812427601251
0.30106955814233083 0.46486626440215 0.5734870936107477 0.6640790762457348 0.7157650853317014
0.30425898941270474 0.45965200119228705 0.5636732568111523 0.6318045998118732 0.7023271285314792
0.3094379638936659 0.46503730540378047 0.5717233908864787 0.6536977880704297 0.7183767914132182
0.30254336932231335 0.45440067175777354 0.5549814496745443 0.631016157749681 0.7042019280602964
0.31482672211737456 0.4516786101299171 0.5659203864527926 0.6561022317784593 0.7165651979872889
0.3178419093058305 0.45755583301664166 0.5665972083244856 0.6575874075896743 0.7138143253646709
0.3049646428216144 0.45389097967932995 0.5512928374573456 0.6283411815739434 0.6894674163862838
0.32930637821229397 0.46853486980843195 0.5801792048465938 0.6528303752772643 0.7091239607385654
0.33939684822641086 0.47450981934034525 0.5784966599479968 0.6518291701099819 0.7144679088182061
0.3393959856411546 0.48350207389547495 0.5832476549745599 0.6494783827002168 0.7254329853365006
0.32646067390177985 0.4834240343418137 0.5585307065410753 0.6412151644566983 0.7138126009015674
0.3263800468651455 0.4780949077588061 0.5634255480779792 0.6584585646378628 0.7111021193992678
0.3099935517202428 0.4643375613936031 0.568405680961837 0.6490932724631945 0.7054554733944389
0.3201615215727095 0.45230432460454645 0.5573053168588348 0.6286369973240524 0.6859302749107457
0.30837106800466746 0.4724272014993602 0.5881815389644175 0.6395221500411253 0.7074553496206722
0.305688321015404 0.4652931067777076 0.5622368052831669 0.6305232740911827 0.6983397633513913
0.3198306085177851 0.4896061624602357 0.58959178885849 0.6499265087059526 0.7086246142610623
0.30134891420084964 0.4865483050618195 0.5709966673108076 0.6507346256464934 0.7006695846009628
0.3167860556058173 0.47476179202519136 0.5865539731614985 0.660679198605803 0.7129518579640889
0.29840633118184334 0.4589626020108602 0.5602353765945058 0.6385120562183751 0.6943252226382555
0.3035893321454289 0.47253976008619586 0.5560329010823669 0.6153335857954904 0.6763224420822153
0.3218605926697754 0.4767171861081956 0.5903407798472943 0.6664078455121056 0.7199900146120338
0.3290207331748061 0.4895515879051778 0.5834012200549686 0.6599622956432386 0.7061690382809115
0.335183343052004 0.48488088517673145 0.5893355715436707 0.6683599355597297 0.7239342329883626
0.31643031180372966 0.46020319651203634 0.5708429759389037 0.6584791660215702 0.723183065765658
0.323352316527161 0.48610192937058994 0.593298628131552 0.6575229568322044 0.7269006755083374
