0.2713560926572923 0.42113316640660725 0.5299023029631931 0.6076346985701768 0.6739781192012697
0.2767657389725746 0.42568728943547945 0.5293293240505224 0.6073479577400613 0.6705600059617358
0.32204500778606343 0.49374510249717984 0.5939703329279653 0.6779658041628013 0.725515703687706
0.33372242004229247 0.4934623772439703 0.5894157866380986 0.6580380850185606 0.722956701906157
0.33400563895712476 0.49403027405844774 0.5914069274456549 0.6631576891734714 0.7292175033762696
0.32888052947728885 0.48833698123659697 0.5865709299736217 0.6640198596738444 0.7232407403674498
0.3274524855994987 0.4820713486522185 0.5902697452917646 0.6736958259721385 0.7266547680278577
0.3316742983382403 0.4876476561023067 0.5850413857339328 0.6683426904916653 0.7253435159359327
0.3279200018651868 0.488275544668166 0.5866154366683813 0.664601910092451 0.7168969619285873
0.3363655706129579 0.48576103373104995 0.5956868992125871 0.6674047880464339 0.7303606415797007
0.3420012099538256 0.491395617014537 0.5991363329294184 0.663020937166257 0.726282662255603
0.342001045649151 0.4954643155094792 0.6000730853535235 0.6655284320908554 0.7331710987357577
0.332293363958313 0.4982848396803892 0.588177555223099 0.659577862774055 0.7253431877276633
0.33511339516836924 0.49358792416906316 0.5922486473809828 0.6695948305424824 0.7244036777775549
0.3362564336771001 0.49462885895893455 0.6018924572113598 0.6825928701725336 0.7353829687656916
0.3332254303586586 0.50203403389496 0.60357901501922 0.6778912572958488 0.7320255179623075
0.3409688012196368 0.5027033940244213 0.60558979887103 0.6758724379809234 0.7347123225865226
0.34769781434075825 0.5030414530847502 0.6035820265678719 0.673521607220145 0.7357249847247457
0.3503832106494574 0.5097596144216318 0.6146721428014761 0.680241420334502 0.7363936914399469
0.3308791750040606 0.4983210650079063 0.5985323066526463 0.6708213973988237 0.7320226822132978
0.3460106906685704 0.5060652839200283 0.6173642391688527 0.6815827029332859 0.7390833806978503
0.3284520845628689 0.5005330566193248 0.6083513049768727 0.6786827790929534 0.7336640029129444
0.33166504592810164 0.5116014775236203 0.6022822366911663 0.6751128573445191 0.7290223523637086
0.34951815115497714 0.5048182765414193 0.6262032447052995 0.7018907139652779 0.7493735445838121
0.35558743137077536 0.5148163460734535 0.607639609252963 0.6840413171531987 0.7422350784942016
0.3559448155769151 0.5208848845871378 0.6162068704863017 0.6918947635426151 0.7508030814083715
0.3459482294278259 0.5066043499581658 0.6151374726611147 0.6818992369375703 0.7454486755805402
0.35594417985048854 0.5141007300259385 0.6262033506597039 0.6976080369382482 0.7550871358426585