[0.5397590349955731, 0.7036144561078175, 0.7542168679007565, 0.7951807210244328, 0.8457831305193614]
[0.5445783119603812, 0.7036144562514431, 0.7421686751296721, 0.7879518076597926, 0.8433734944067806]
[0.5469879528126085, 0.7060240946620344, 0.744578313683889, 0.792771082470216, 0.8481927713715887]
[0.5614457818398992, 0.7060240969600448, 0.7614457812653966, 0.8024096366870834, 0.8433734921087702]
[0.5417789755805805, 0.6981132070651915, 0.8032345016690278, 0.8463611863051463, 0.8840970342371341]
[0.5256064696453331, 0.6846361192410204, 0.7789757407579139, 0.8274932629014604, 0.8733153653273364]
[0.5256064696453331, 0.6954177892754342, 0.7978436672141288, 0.8436657685153889, 0.8921832887310224]
[0.5309973044215508, 0.7088948782242211, 0.7843665771407259, 0.8463611863051463, 0.8840970342371341]
[0.4748427672955975, 0.6383647791244699, 0.691823901245429, 0.7295597499271609, 0.7735849067849933]
[0.48427672955974843, 0.6509433954766711, 0.7044025172227584, 0.7452830173684366, 0.7893081772252448]
[0.4811320754716981, 0.650943398100775, 0.7012578631347081, 0.7358490581032615, 0.7704402500728391]
[0.49056604035995294, 0.6572327032778997, 0.7169811309508558, 0.761006290432792, 0.7924528313132951]
[0.6413043426430743, 0.7391304425571276, 0.7500000077745189, 0.7717391382093015, 0.7934782634610715]
[0.5543478273827097, 0.6956521816875624, 0.7499999922254811, 0.7934782660525778, 0.8586956521739131]
[0.565217392600101, 0.7391304425571276, 0.7608695729919102, 0.7934782634610715, 0.8043478234954502]
[0.6956521816875624, 0.7282608773397363, 0.7608695729919102, 0.7934782634610715, 0.8152173887128416]
