[0.543640898796091, 0.7107231926145102, 0.7680798007960331, 0.8054862844379168, 0.8653366585027548]
[0.546134664530766, 0.7032418961536855, 0.7630922699212433, 0.7955112222424172, 0.8553615961586151]
[0.5511221955541958, 0.7082294270284752, 0.7755610977027779, 0.8104738156099867, 0.8653366585027548]
[0.543640898647451, 0.688279302191556, 0.7630922696239634, 0.7980049876798121, 0.8379052370563707]
[0.5515320335091987, 0.699164345735959, 0.7994428971019628, 0.8217270198306665, 0.8579387188289823]
[0.5487465186039385, 0.7047353763766275, 0.7771587745392887, 0.8272980501392758, 0.8551532033426184]
[0.5403899726429358, 0.7047353763766275, 0.7994428971019628, 0.8217270196646369, 0.871866295264624]
[0.5459610028685301, 0.729805014259636, 0.8022284122562674, 0.8356545962663082, 0.8607242339832869]
[0.4755700310200744, 0.6644951130357549, 0.7263843638500872, 0.7622149827425954, 0.7980456039649267]
[0.49511400729126576, 0.680781757986895, 0.7361563508207712, 0.7687296407230514, 0.8013029306253315]
[0.49185667830103774, 0.6677524420259829, 0.7394136798109993, 0.7654723117328234, 0.8078175909356108]
[0.4951140049614425, 0.677524428996667, 0.7394136798109993, 0.7752442987035074, 0.8013029306253315]
[0.5232558111811794, 0.6744186101957809, 0.7093023241952409, 0.7558139521022176, 0.8139534953028656]
[0.47674418604651164, 0.6976744241492693, 0.7093023311260135, 0.7441860409670098, 0.7906976730324501]
[0.5465116209762041, 0.6976744241492693, 0.7325581381487292, 0.7674418590789618, 0.7906976730324501]
[0.5697674390881561, 0.6976744241492693, 0.7441860451254734, 0.7674418590789618, 0.7790697702141696]