[0.5615384615384615, 0.7076923076923077, 0.782051282051282, 0.8205128208184853, 0.8641025637968992]
[0.5333333333333333, 0.7, 0.7666666666666667, 0.8179487176430531, 0.8692307692307693]
[0.5641025641025641, 0.7025641025641025, 0.782051282051282, 0.8256410253353608, 0.8820512817456172]
[0.5641025641025641, 0.7076923076923077, 0.7615384618441264, 0.8179487176430531, 0.8641025637968992]
[0.57758620552633, 0.7270114942528736, 0.8045977032047579, 0.8534482751769581, 0.879310345512697]
[0.5775862075816626, 0.7183908032274794, 0.8017241386161453, 0.8477011487401765, 0.8706896531170812]
[0.5775862089518843, 0.7385057457562151, 0.8160919560783211, 0.8591954016137398, 0.8735632177056938]
[0.5775862089518843, 0.735632183908046, 0.8045977011494253, 0.8620689662023523, 0.8936781616046511]
[0.521885522688278, 0.6801346807367472, 0.7373737379758045, 0.7710437716458381, 0.8181818185831963]
[0.5218855219858664, 0.6599326605347271, 0.7272727278747944, 0.7777777783798449, 0.8013468019488684]
[0.5218855219858664, 0.6801346807367472, 0.7340067346088012, 0.7912457918478584, 0.8215488219501996]
[0.5050505051508496, 0.6801346807367472, 0.7407407413428079, 0.7811447817468483, 0.8316498320512097]
[0.4814814825852712, 0.6296296340447886, 0.6666666710818255, 0.6790123493583115, 0.728395066143554]
[0.4691358035729255, 0.5679012397189199, 0.6419753130571342, 0.6790123500941713, 0.7283950654076942]
[0.4938271623334767, 0.6049382760200972, 0.6790123500941713, 0.7160493863953484, 0.7407407444200398]
[0.5061728406099626, 0.6049382774918167, 0.6543209920694799, 0.6790123500941713, 0.6913580283706571]