[0.5680628269130646, 0.7146596871121391, 0.7696335066051383, 0.8089005219998784, 0.8455497363474981]
[0.5654450258659443, 0.7408376953988799, 0.7853403125757946, 0.8167539273257031, 0.8612565426302206]
[0.5732984290073055, 0.7225130902535004, 0.7879581161194447, 0.8272251315141848, 0.863874343677341]
[0.5785340329739436, 0.7329842919454524, 0.78010471079362, 0.832460731111896, 0.8560209430325094]
[0.5297619047619048, 0.6726190476190477, 0.7857142857142857, 0.8154761904761905, 0.8571428571428571]
[0.5327380952380952, 0.6845238095238095, 0.7410714285714286, 0.7976190476190477, 0.8482142857142857]
[0.5357142857142857, 0.6875, 0.7678571428571429, 0.8154761904761905, 0.8630952380952381]
[0.5297619047619048, 0.6875, 0.7559523809523809, 0.8095238095238095, 0.8541666666666666]
[0.532871972318339, 0.6851211072664359, 0.7335640138408305, 0.7750865051903114, 0.8027681660899654]
[0.5121107266435986, 0.643598615916955, 0.71280276816609, 0.7508650519031141, 0.7923875432525952]
[0.5467128027681661, 0.6678200692041523, 0.7301038062283737, 0.7681660899653979, 0.8062283737024222]
[0.5467128027681661, 0.6816608996539792, 0.740484429065744, 0.7681660899653979, 0.7958477508650519]
[0.4285714289584717, 0.6363636394599815, 0.6883116914080335, 0.7662337685560251, 0.7532467547949259]
[0.4285714289584717, 0.5844155882860159, 0.6233766272470549, 0.6493506532210809, 0.6883116921821197]
[0.4285714289584717, 0.6103896142600419, 0.6493506532210809, 0.7272727295949861, 0.7532467563430985]
[0.467532468693597, 0.6233766272470549, 0.6493506532210809, 0.6883116921821197, 0.7532467563430985]